accel_const: 4.883343478689496
angular_vel_const: 0.7106175501922387
angular_vel_offset: 1.1306917490603372
