accel_const: 4.8833434796395885
angular_vel_const: 0.7106175500978095
angular_vel_offset: 1.1306917489710897
