coefficients:
  c_d_wing_xy_lin: -4.730289945754952
  c_d_wing_xy_offset: 13.429352875935605
  c_d_wing_xy_quad: 6.20348614097491
  c_d_wing_xy_stall: 2.3018875201376505
  c_d_wing_y_offset: -4.423655568723647
  c_d_x_flap_lin: 0.5135338776826988
  c_d_x_flap_offset: 4.836376527061735
  c_d_x_flap_quad: -0.3189330511258948
  c_d_y_flap_1: 0.21300864520706705
  c_d_y_flap_2: -0.2088619409353575
  c_l_wing_xy_lin: 0.13499219150255545
  c_l_wing_xy_offset: 0.07921145523787143
  c_l_wing_xy_stall: 0.6466633309339371
  forward_rot_drag_lin: 1.2797290130073364
  forward_rot_drag_offset: 1.60238993079344
  forward_rot_thrust_lin: -0.6739148416023818
  forward_rot_thrust_offset: -0.008423580885009063
  forward_rot_thrust_quad: 49.69184979689383
  intercept: -0.016429546041228676
  vert_rot_drag_lin: -0.05154995539494904
  vert_rot_drag_offset: -0.11658323179078314
  vert_rot_thrust_lin: 3.8630995900689133
  vert_rot_thrust_offset: -3.608313705143786
  vert_rot_thrust_quad: 5.016895583440511
metrics:
  R2: 0.6477012891100123
