accel_const: 4.883343478689502
angular_vel_const: 0.710617550192238
angular_vel_offset: 1.1306917490603365
