coefficients:
  c_d_wing_xy_lin: 6.426526554656323
  c_d_wing_xy_offset: 0.3356375903548183
  c_d_wing_xy_quad: -0.28246248259607165
  c_d_wing_xy_stall: -3.5870545533677225
  c_d_wing_y_offset: -0.4169337574815913
  intercept: -0.01002492405997214
  vert_rot_drag_lin: 1.5595672441358341
  vert_rot_drag_offset: -1.0615212994051857
  vert_rot_thrust_lin: -22.006215686380564
  vert_rot_thrust_offset: 6.212896613831277
  vert_rot_thrust_quad: 18.7300409615955
log_file: /home/jaeyoung/dev/data-driven-dynamics/resources/simple_quadrotor_model.ulg
metrics:
  R2: 0.5582478126923814
